Country;Prompt;Completion;Total
my;2308;238;2546
jp;8459;216;8675
eg;4553;234;4787
fr;1321;179;1500
sg;2514;216;2730
us;21113;107;21220
in;17150;204;17354
hk;7451;249;7700
sea;3619;208;3827
gb;9214;213;9427
gb_2;6546;241;6787
cn;3645;234;3879
ye;2304;237;2541
ie;3619;218;3837
